{
 "cells": [
  {
   "cell_type": "markdown",
   "metadata": {
    "toc": true
   },
   "source": [
    "<h1>Table of Contents<span class=\"tocSkip\"></span></h1>\n",
    "<div class=\"toc\"><ul class=\"toc-item\"><li><span><a href=\"#Importing-Libraries-and-Data\" data-toc-modified-id=\"Importing-Libraries-and-Data-1\">Importing Libraries and Data</a></span><ul class=\"toc-item\"><li><ul class=\"toc-item\"><li><span><a href=\"#Reminding-ourselves-what-we-are-working-with.\" data-toc-modified-id=\"Reminding-ourselves-what-we-are-working-with.-1.0.1\">Reminding ourselves what we are working with.</a></span></li></ul></li><li><span><a href=\"#Reviewing-Column-Names-and-Descriptions-for-King-County-Data-Set\" data-toc-modified-id=\"Reviewing-Column-Names-and-Descriptions-for-King-County-Data-Set-1.1\">Reviewing Column Names and Descriptions for King County Data Set</a></span><ul class=\"toc-item\"><li><span><a href=\"#Reopening-our-cleaned-dataframe\" data-toc-modified-id=\"Reopening-our-cleaned-dataframe-1.1.1\">Reopening our cleaned dataframe</a></span></li></ul></li><li><span><a href=\"#Getting-a-Fresh-Look\" data-toc-modified-id=\"Getting-a-Fresh-Look-1.2\">Getting a Fresh Look</a></span><ul class=\"toc-item\"><li><span><a href=\"#Viewing-correlation-data-in-plots\" data-toc-modified-id=\"Viewing-correlation-data-in-plots-1.2.1\">Viewing correlation data in plots</a></span></li><li><span><a href=\"#Histograms\" data-toc-modified-id=\"Histograms-1.2.2\">Histograms</a></span></li><li><span><a href=\"#Taking-a-Look-at-Data-Distributions\" data-toc-modified-id=\"Taking-a-Look-at-Data-Distributions-1.2.3\">Taking a Look at Data Distributions</a></span></li><li><span><a href=\"#Let's-create-separate-dataframes-for-our-target-and-for-our-dependent-variable.\" data-toc-modified-id=\"Let's-create-separate-dataframes-for-our-target-and-for-our-dependent-variable.-1.2.4\">Let's create separate dataframes for our target and for our dependent variable.</a></span></li></ul></li></ul></li><li><span><a href=\"#EDA\" data-toc-modified-id=\"EDA-2\">EDA</a></span><ul class=\"toc-item\"><li><span><a href=\"#Dealing-with-Outliers\" data-toc-modified-id=\"Dealing-with-Outliers-2.1\">Dealing with Outliers</a></span><ul class=\"toc-item\"><li><ul class=\"toc-item\"><li><span><a href=\"#-----\" data-toc-modified-id=\"------2.1.0.1\">-- --</a></span></li></ul></li><li><span><a href=\"#Inspection-Notes:\" data-toc-modified-id=\"Inspection-Notes:-2.1.1\">Inspection Notes:</a></span></li><li><span><a href=\"#Import-necessary-map-libraries\" data-toc-modified-id=\"Import-necessary-map-libraries-2.1.2\">Import necessary map libraries</a></span></li><li><span><a href=\"#Mapping\" data-toc-modified-id=\"Mapping-2.1.3\">Mapping</a></span></li></ul></li><li><span><a href=\"#Checking-Normalcy\" data-toc-modified-id=\"Checking-Normalcy-2.2\">Checking Normalcy</a></span></li><li><span><a href=\"#OLS-and-Colinearity\" data-toc-modified-id=\"OLS-and-Colinearity-2.3\">OLS and Colinearity</a></span></li><li><span><a href=\"#Jarque--Bera-and-Kurtosis\" data-toc-modified-id=\"Jarque--Bera-and-Kurtosis-2.4\">Jarque -Bera and Kurtosis</a></span></li><li><span><a href=\"#Questions-and-Desired-Variables\" data-toc-modified-id=\"Questions-and-Desired-Variables-2.5\">Questions and Desired Variables</a></span></li><li><span><a href=\"#Colinearity-and\" data-toc-modified-id=\"Colinearity-and-2.6\">Colinearity and</a></span></li></ul></li><li><span><a href=\"#NOTES:\" data-toc-modified-id=\"NOTES:-3\">NOTES:</a></span></li></ul></div>"
   ]
  },
  {
   "cell_type": "markdown",
   "metadata": {},
   "source": [
    "##### explore notebook--eda and transform\n",
    "***"
   ]
  },
  {
   "cell_type": "markdown",
   "metadata": {},
   "source": [
    "# Importing Libraries and Data"
   ]
  },
  {
   "cell_type": "markdown",
   "metadata": {},
   "source": [
    "### Reminding ourselves what we are working with.\n",
    "\n",
    "## Reviewing Column Names and Descriptions for King County Data Set\n",
    "* **id** - unique identified for a house\n",
    "* **date** - house was sold\n",
    "* **price** -  is prediction target\n",
    "* **bedrooms** -  Number of Bedrooms/House\n",
    "* **bathrooms** -  Number of bathrooms/bedrooms\n",
    "* **sqft_living** - square footage of the home\n",
    "* **sqft_lot** - square footage of the lot\n",
    "* **floors** -  floors (levels) in house\n",
    "* **waterfront** - House which has a view to a waterfront\n",
    "* **view** - Has been viewed\n",
    "* **condition** - How good the condition is ( Overall )\n",
    "* **grade** - overall grade given to the housing unit, based on King County grading system\n",
    "* **sqft_above** - square footage of house apart from basement\n",
    "* **sqft_basement** - square footage of the basement\n",
    "* **yr_built** - Built Year\n",
    "* **yr_renovated** - Year when house was renovated\n",
    "* **zipcode** - zip\n",
    "* **lat** - Latitude coordinate\n",
    "* **long** - Longitude coordinate\n",
    "* **sqft_living15** - The square footage of interior housing living space for the nearest 15 neighbors\n",
    "* **sqft_lot15** - The square footage of the land lots of the nearest 15 neighbors\n"
   ]
  },
  {
   "cell_type": "code",
   "execution_count": 1,
   "metadata": {},
   "outputs": [],
   "source": [
    "import pandas as pd\n",
    "import numpy as np\n",
    "import pickle\n",
    "import matplotlib.pyplot as plt\n",
    "import seaborn as sns\n",
    "%matplotlib inline"
   ]
  },
  {
   "cell_type": "markdown",
   "metadata": {},
   "source": [
    "### Reopening our cleaned dataframe"
   ]
  },
  {
   "cell_type": "code",
   "execution_count": 2,
   "metadata": {},
   "outputs": [
    {
     "data": {
      "text/html": [
       "<div>\n",
       "<style scoped>\n",
       "    .dataframe tbody tr th:only-of-type {\n",
       "        vertical-align: middle;\n",
       "    }\n",
       "\n",
       "    .dataframe tbody tr th {\n",
       "        vertical-align: top;\n",
       "    }\n",
       "\n",
       "    .dataframe thead th {\n",
       "        text-align: right;\n",
       "    }\n",
       "</style>\n",
       "<table border=\"1\" class=\"dataframe\">\n",
       "  <thead>\n",
       "    <tr style=\"text-align: right;\">\n",
       "      <th></th>\n",
       "      <th>id</th>\n",
       "      <th>date</th>\n",
       "      <th>price</th>\n",
       "      <th>bedrooms</th>\n",
       "      <th>bathrooms</th>\n",
       "      <th>sqft_living</th>\n",
       "      <th>sqft_lot</th>\n",
       "      <th>floors</th>\n",
       "      <th>waterfront</th>\n",
       "      <th>view</th>\n",
       "      <th>...</th>\n",
       "      <th>grade</th>\n",
       "      <th>sqft_above</th>\n",
       "      <th>sqft_basement</th>\n",
       "      <th>yr_built</th>\n",
       "      <th>zipcode</th>\n",
       "      <th>lat</th>\n",
       "      <th>long</th>\n",
       "      <th>sqft_living15</th>\n",
       "      <th>sqft_lot15</th>\n",
       "      <th>Renovated</th>\n",
       "    </tr>\n",
       "  </thead>\n",
       "  <tbody>\n",
       "    <tr>\n",
       "      <td>0</td>\n",
       "      <td>7129300520</td>\n",
       "      <td>10/13/2014</td>\n",
       "      <td>221900.0</td>\n",
       "      <td>3</td>\n",
       "      <td>1.00</td>\n",
       "      <td>1180</td>\n",
       "      <td>5650</td>\n",
       "      <td>1.0</td>\n",
       "      <td>0.0</td>\n",
       "      <td>0</td>\n",
       "      <td>...</td>\n",
       "      <td>7</td>\n",
       "      <td>1180</td>\n",
       "      <td>0.0</td>\n",
       "      <td>1955</td>\n",
       "      <td>98178</td>\n",
       "      <td>47.5112</td>\n",
       "      <td>-122.257</td>\n",
       "      <td>1340</td>\n",
       "      <td>5650</td>\n",
       "      <td>0</td>\n",
       "    </tr>\n",
       "    <tr>\n",
       "      <td>1</td>\n",
       "      <td>6414100192</td>\n",
       "      <td>12/9/2014</td>\n",
       "      <td>538000.0</td>\n",
       "      <td>3</td>\n",
       "      <td>2.25</td>\n",
       "      <td>2570</td>\n",
       "      <td>7242</td>\n",
       "      <td>2.0</td>\n",
       "      <td>0.0</td>\n",
       "      <td>0</td>\n",
       "      <td>...</td>\n",
       "      <td>7</td>\n",
       "      <td>2170</td>\n",
       "      <td>400.0</td>\n",
       "      <td>1951</td>\n",
       "      <td>98125</td>\n",
       "      <td>47.7210</td>\n",
       "      <td>-122.319</td>\n",
       "      <td>1690</td>\n",
       "      <td>7639</td>\n",
       "      <td>1</td>\n",
       "    </tr>\n",
       "    <tr>\n",
       "      <td>2</td>\n",
       "      <td>5631500400</td>\n",
       "      <td>2/25/2015</td>\n",
       "      <td>180000.0</td>\n",
       "      <td>2</td>\n",
       "      <td>1.00</td>\n",
       "      <td>770</td>\n",
       "      <td>10000</td>\n",
       "      <td>1.0</td>\n",
       "      <td>0.0</td>\n",
       "      <td>0</td>\n",
       "      <td>...</td>\n",
       "      <td>6</td>\n",
       "      <td>770</td>\n",
       "      <td>0.0</td>\n",
       "      <td>1933</td>\n",
       "      <td>98028</td>\n",
       "      <td>47.7379</td>\n",
       "      <td>-122.233</td>\n",
       "      <td>2720</td>\n",
       "      <td>8062</td>\n",
       "      <td>0</td>\n",
       "    </tr>\n",
       "    <tr>\n",
       "      <td>3</td>\n",
       "      <td>2487200875</td>\n",
       "      <td>12/9/2014</td>\n",
       "      <td>604000.0</td>\n",
       "      <td>4</td>\n",
       "      <td>3.00</td>\n",
       "      <td>1960</td>\n",
       "      <td>5000</td>\n",
       "      <td>1.0</td>\n",
       "      <td>0.0</td>\n",
       "      <td>0</td>\n",
       "      <td>...</td>\n",
       "      <td>7</td>\n",
       "      <td>1050</td>\n",
       "      <td>910.0</td>\n",
       "      <td>1965</td>\n",
       "      <td>98136</td>\n",
       "      <td>47.5208</td>\n",
       "      <td>-122.393</td>\n",
       "      <td>1360</td>\n",
       "      <td>5000</td>\n",
       "      <td>0</td>\n",
       "    </tr>\n",
       "    <tr>\n",
       "      <td>4</td>\n",
       "      <td>1954400510</td>\n",
       "      <td>2/18/2015</td>\n",
       "      <td>510000.0</td>\n",
       "      <td>3</td>\n",
       "      <td>2.00</td>\n",
       "      <td>1680</td>\n",
       "      <td>8080</td>\n",
       "      <td>1.0</td>\n",
       "      <td>0.0</td>\n",
       "      <td>0</td>\n",
       "      <td>...</td>\n",
       "      <td>8</td>\n",
       "      <td>1680</td>\n",
       "      <td>0.0</td>\n",
       "      <td>1987</td>\n",
       "      <td>98074</td>\n",
       "      <td>47.6168</td>\n",
       "      <td>-122.045</td>\n",
       "      <td>1800</td>\n",
       "      <td>7503</td>\n",
       "      <td>0</td>\n",
       "    </tr>\n",
       "  </tbody>\n",
       "</table>\n",
       "<p>5 rows × 21 columns</p>\n",
       "</div>"
      ],
      "text/plain": [
       "           id        date     price  bedrooms  bathrooms  sqft_living  \\\n",
       "0  7129300520  10/13/2014  221900.0         3       1.00         1180   \n",
       "1  6414100192   12/9/2014  538000.0         3       2.25         2570   \n",
       "2  5631500400   2/25/2015  180000.0         2       1.00          770   \n",
       "3  2487200875   12/9/2014  604000.0         4       3.00         1960   \n",
       "4  1954400510   2/18/2015  510000.0         3       2.00         1680   \n",
       "\n",
       "   sqft_lot  floors  waterfront  view  ...  grade  sqft_above  sqft_basement  \\\n",
       "0      5650     1.0         0.0     0  ...      7        1180            0.0   \n",
       "1      7242     2.0         0.0     0  ...      7        2170          400.0   \n",
       "2     10000     1.0         0.0     0  ...      6         770            0.0   \n",
       "3      5000     1.0         0.0     0  ...      7        1050          910.0   \n",
       "4      8080     1.0         0.0     0  ...      8        1680            0.0   \n",
       "\n",
       "  yr_built  zipcode      lat     long  sqft_living15  sqft_lot15  Renovated  \n",
       "0     1955    98178  47.5112 -122.257           1340        5650          0  \n",
       "1     1951    98125  47.7210 -122.319           1690        7639          1  \n",
       "2     1933    98028  47.7379 -122.233           2720        8062          0  \n",
       "3     1965    98136  47.5208 -122.393           1360        5000          0  \n",
       "4     1987    98074  47.6168 -122.045           1800        7503          0  \n",
       "\n",
       "[5 rows x 21 columns]"
      ]
     },
     "execution_count": 2,
     "metadata": {},
     "output_type": "execute_result"
    }
   ],
   "source": [
    "with open('data_f.pickle', 'rb') as f:\n",
    "    # The protocol version used is detected automatically, so we do not\n",
    "    # have to specify it.\n",
    "    data_f = pickle.load(f)\n",
    "data_f.head()"
   ]
  },
  {
   "cell_type": "markdown",
   "metadata": {},
   "source": [
    "Dataframe successfully imported from `pickle`.\n",
    "***\n",
    "## Getting a Fresh Look"
   ]
  },
  {
   "cell_type": "markdown",
   "metadata": {},
   "source": [
    "Before getting too deliberate, let's step back a bit to take in visually our data."
   ]
  },
  {
   "cell_type": "code",
   "execution_count": 3,
   "metadata": {
    "scrolled": true
   },
   "outputs": [
    {
     "data": {
      "text/html": [
       "<div>\n",
       "<style scoped>\n",
       "    .dataframe tbody tr th:only-of-type {\n",
       "        vertical-align: middle;\n",
       "    }\n",
       "\n",
       "    .dataframe tbody tr th {\n",
       "        vertical-align: top;\n",
       "    }\n",
       "\n",
       "    .dataframe thead th {\n",
       "        text-align: right;\n",
       "    }\n",
       "</style>\n",
       "<table border=\"1\" class=\"dataframe\">\n",
       "  <thead>\n",
       "    <tr style=\"text-align: right;\">\n",
       "      <th></th>\n",
       "      <th>id</th>\n",
       "      <th>price</th>\n",
       "      <th>bedrooms</th>\n",
       "      <th>bathrooms</th>\n",
       "      <th>sqft_living</th>\n",
       "      <th>sqft_lot</th>\n",
       "      <th>floors</th>\n",
       "      <th>waterfront</th>\n",
       "      <th>view</th>\n",
       "      <th>condition</th>\n",
       "      <th>grade</th>\n",
       "      <th>sqft_above</th>\n",
       "      <th>yr_built</th>\n",
       "      <th>zipcode</th>\n",
       "      <th>lat</th>\n",
       "      <th>long</th>\n",
       "      <th>sqft_living15</th>\n",
       "      <th>sqft_lot15</th>\n",
       "      <th>Renovated</th>\n",
       "    </tr>\n",
       "  </thead>\n",
       "  <tbody>\n",
       "    <tr>\n",
       "      <td>id</td>\n",
       "      <td>1.000000</td>\n",
       "      <td>-0.016772</td>\n",
       "      <td>0.001150</td>\n",
       "      <td>0.005162</td>\n",
       "      <td>-0.012241</td>\n",
       "      <td>-0.131911</td>\n",
       "      <td>0.018608</td>\n",
       "      <td>-0.003599</td>\n",
       "      <td>0.011772</td>\n",
       "      <td>-0.023803</td>\n",
       "      <td>0.008188</td>\n",
       "      <td>-0.010799</td>\n",
       "      <td>0.021617</td>\n",
       "      <td>-0.008211</td>\n",
       "      <td>-0.001798</td>\n",
       "      <td>0.020672</td>\n",
       "      <td>-0.002701</td>\n",
       "      <td>-0.138557</td>\n",
       "      <td>-0.010621</td>\n",
       "    </tr>\n",
       "    <tr>\n",
       "      <td>price</td>\n",
       "      <td>-0.016772</td>\n",
       "      <td>1.000000</td>\n",
       "      <td>0.308787</td>\n",
       "      <td>0.525906</td>\n",
       "      <td>0.701917</td>\n",
       "      <td>0.089876</td>\n",
       "      <td>0.256804</td>\n",
       "      <td>0.264306</td>\n",
       "      <td>0.393497</td>\n",
       "      <td>0.036056</td>\n",
       "      <td>0.667951</td>\n",
       "      <td>0.605368</td>\n",
       "      <td>0.053953</td>\n",
       "      <td>-0.053402</td>\n",
       "      <td>0.306692</td>\n",
       "      <td>0.022036</td>\n",
       "      <td>0.585241</td>\n",
       "      <td>0.082845</td>\n",
       "      <td>0.117543</td>\n",
       "    </tr>\n",
       "    <tr>\n",
       "      <td>bedrooms</td>\n",
       "      <td>0.001150</td>\n",
       "      <td>0.308787</td>\n",
       "      <td>1.000000</td>\n",
       "      <td>0.514508</td>\n",
       "      <td>0.578212</td>\n",
       "      <td>0.032471</td>\n",
       "      <td>0.177944</td>\n",
       "      <td>-0.002127</td>\n",
       "      <td>0.078354</td>\n",
       "      <td>0.026496</td>\n",
       "      <td>0.356563</td>\n",
       "      <td>0.479386</td>\n",
       "      <td>0.155670</td>\n",
       "      <td>-0.154092</td>\n",
       "      <td>-0.009951</td>\n",
       "      <td>0.132054</td>\n",
       "      <td>0.393406</td>\n",
       "      <td>0.030690</td>\n",
       "      <td>0.017635</td>\n",
       "    </tr>\n",
       "    <tr>\n",
       "      <td>bathrooms</td>\n",
       "      <td>0.005162</td>\n",
       "      <td>0.525906</td>\n",
       "      <td>0.514508</td>\n",
       "      <td>1.000000</td>\n",
       "      <td>0.755758</td>\n",
       "      <td>0.088373</td>\n",
       "      <td>0.502582</td>\n",
       "      <td>0.063629</td>\n",
       "      <td>0.186016</td>\n",
       "      <td>-0.126479</td>\n",
       "      <td>0.665838</td>\n",
       "      <td>0.686668</td>\n",
       "      <td>0.507173</td>\n",
       "      <td>-0.204786</td>\n",
       "      <td>0.024280</td>\n",
       "      <td>0.224903</td>\n",
       "      <td>0.569884</td>\n",
       "      <td>0.088303</td>\n",
       "      <td>0.046742</td>\n",
       "    </tr>\n",
       "    <tr>\n",
       "      <td>sqft_living</td>\n",
       "      <td>-0.012241</td>\n",
       "      <td>0.701917</td>\n",
       "      <td>0.578212</td>\n",
       "      <td>0.755758</td>\n",
       "      <td>1.000000</td>\n",
       "      <td>0.173453</td>\n",
       "      <td>0.353953</td>\n",
       "      <td>0.104637</td>\n",
       "      <td>0.281715</td>\n",
       "      <td>-0.059445</td>\n",
       "      <td>0.762779</td>\n",
       "      <td>0.876448</td>\n",
       "      <td>0.318152</td>\n",
       "      <td>-0.199802</td>\n",
       "      <td>0.052155</td>\n",
       "      <td>0.241214</td>\n",
       "      <td>0.756402</td>\n",
       "      <td>0.184342</td>\n",
       "      <td>0.050829</td>\n",
       "    </tr>\n",
       "    <tr>\n",
       "      <td>sqft_lot</td>\n",
       "      <td>-0.131911</td>\n",
       "      <td>0.089876</td>\n",
       "      <td>0.032471</td>\n",
       "      <td>0.088373</td>\n",
       "      <td>0.173453</td>\n",
       "      <td>1.000000</td>\n",
       "      <td>-0.004814</td>\n",
       "      <td>0.021459</td>\n",
       "      <td>0.075054</td>\n",
       "      <td>-0.008830</td>\n",
       "      <td>0.114731</td>\n",
       "      <td>0.184139</td>\n",
       "      <td>0.052946</td>\n",
       "      <td>-0.129586</td>\n",
       "      <td>-0.085514</td>\n",
       "      <td>0.230227</td>\n",
       "      <td>0.144763</td>\n",
       "      <td>0.718204</td>\n",
       "      <td>0.005091</td>\n",
       "    </tr>\n",
       "    <tr>\n",
       "      <td>floors</td>\n",
       "      <td>0.018608</td>\n",
       "      <td>0.256804</td>\n",
       "      <td>0.177944</td>\n",
       "      <td>0.502582</td>\n",
       "      <td>0.353953</td>\n",
       "      <td>-0.004814</td>\n",
       "      <td>1.000000</td>\n",
       "      <td>0.020797</td>\n",
       "      <td>0.028414</td>\n",
       "      <td>-0.264075</td>\n",
       "      <td>0.458794</td>\n",
       "      <td>0.523989</td>\n",
       "      <td>0.489193</td>\n",
       "      <td>-0.059541</td>\n",
       "      <td>0.049239</td>\n",
       "      <td>0.125943</td>\n",
       "      <td>0.280102</td>\n",
       "      <td>-0.010722</td>\n",
       "      <td>0.003713</td>\n",
       "    </tr>\n",
       "    <tr>\n",
       "      <td>waterfront</td>\n",
       "      <td>-0.003599</td>\n",
       "      <td>0.264306</td>\n",
       "      <td>-0.002127</td>\n",
       "      <td>0.063629</td>\n",
       "      <td>0.104637</td>\n",
       "      <td>0.021459</td>\n",
       "      <td>0.020797</td>\n",
       "      <td>1.000000</td>\n",
       "      <td>0.380543</td>\n",
       "      <td>0.016648</td>\n",
       "      <td>0.082818</td>\n",
       "      <td>0.071778</td>\n",
       "      <td>-0.024487</td>\n",
       "      <td>0.028923</td>\n",
       "      <td>-0.012157</td>\n",
       "      <td>-0.037628</td>\n",
       "      <td>0.083823</td>\n",
       "      <td>0.030658</td>\n",
       "      <td>0.074267</td>\n",
       "    </tr>\n",
       "    <tr>\n",
       "      <td>view</td>\n",
       "      <td>0.011772</td>\n",
       "      <td>0.393497</td>\n",
       "      <td>0.078354</td>\n",
       "      <td>0.186016</td>\n",
       "      <td>0.281715</td>\n",
       "      <td>0.075054</td>\n",
       "      <td>0.028414</td>\n",
       "      <td>0.380543</td>\n",
       "      <td>1.000000</td>\n",
       "      <td>0.045622</td>\n",
       "      <td>0.249082</td>\n",
       "      <td>0.166017</td>\n",
       "      <td>-0.054452</td>\n",
       "      <td>0.085059</td>\n",
       "      <td>0.006321</td>\n",
       "      <td>-0.077702</td>\n",
       "      <td>0.278928</td>\n",
       "      <td>0.073083</td>\n",
       "      <td>0.090480</td>\n",
       "    </tr>\n",
       "    <tr>\n",
       "      <td>condition</td>\n",
       "      <td>-0.023803</td>\n",
       "      <td>0.036056</td>\n",
       "      <td>0.026496</td>\n",
       "      <td>-0.126479</td>\n",
       "      <td>-0.059445</td>\n",
       "      <td>-0.008830</td>\n",
       "      <td>-0.264075</td>\n",
       "      <td>0.016648</td>\n",
       "      <td>0.045622</td>\n",
       "      <td>1.000000</td>\n",
       "      <td>-0.146896</td>\n",
       "      <td>-0.158904</td>\n",
       "      <td>-0.361592</td>\n",
       "      <td>0.002888</td>\n",
       "      <td>-0.015102</td>\n",
       "      <td>-0.105877</td>\n",
       "      <td>-0.093072</td>\n",
       "      <td>-0.003126</td>\n",
       "      <td>-0.055383</td>\n",
       "    </tr>\n",
       "    <tr>\n",
       "      <td>grade</td>\n",
       "      <td>0.008188</td>\n",
       "      <td>0.667951</td>\n",
       "      <td>0.356563</td>\n",
       "      <td>0.665838</td>\n",
       "      <td>0.762779</td>\n",
       "      <td>0.114731</td>\n",
       "      <td>0.458794</td>\n",
       "      <td>0.082818</td>\n",
       "      <td>0.249082</td>\n",
       "      <td>-0.146896</td>\n",
       "      <td>1.000000</td>\n",
       "      <td>0.756073</td>\n",
       "      <td>0.447865</td>\n",
       "      <td>-0.185771</td>\n",
       "      <td>0.113575</td>\n",
       "      <td>0.200341</td>\n",
       "      <td>0.713867</td>\n",
       "      <td>0.120981</td>\n",
       "      <td>0.015259</td>\n",
       "    </tr>\n",
       "    <tr>\n",
       "      <td>sqft_above</td>\n",
       "      <td>-0.010799</td>\n",
       "      <td>0.605368</td>\n",
       "      <td>0.479386</td>\n",
       "      <td>0.686668</td>\n",
       "      <td>0.876448</td>\n",
       "      <td>0.184139</td>\n",
       "      <td>0.523989</td>\n",
       "      <td>0.071778</td>\n",
       "      <td>0.166017</td>\n",
       "      <td>-0.158904</td>\n",
       "      <td>0.756073</td>\n",
       "      <td>1.000000</td>\n",
       "      <td>0.424037</td>\n",
       "      <td>-0.261570</td>\n",
       "      <td>-0.001199</td>\n",
       "      <td>0.344842</td>\n",
       "      <td>0.731767</td>\n",
       "      <td>0.195077</td>\n",
       "      <td>0.020566</td>\n",
       "    </tr>\n",
       "    <tr>\n",
       "      <td>yr_built</td>\n",
       "      <td>0.021617</td>\n",
       "      <td>0.053953</td>\n",
       "      <td>0.155670</td>\n",
       "      <td>0.507173</td>\n",
       "      <td>0.318152</td>\n",
       "      <td>0.052946</td>\n",
       "      <td>0.489193</td>\n",
       "      <td>-0.024487</td>\n",
       "      <td>-0.054452</td>\n",
       "      <td>-0.361592</td>\n",
       "      <td>0.447865</td>\n",
       "      <td>0.424037</td>\n",
       "      <td>1.000000</td>\n",
       "      <td>-0.347210</td>\n",
       "      <td>-0.148370</td>\n",
       "      <td>0.409993</td>\n",
       "      <td>0.326377</td>\n",
       "      <td>0.070777</td>\n",
       "      <td>-0.202837</td>\n",
       "    </tr>\n",
       "    <tr>\n",
       "      <td>zipcode</td>\n",
       "      <td>-0.008211</td>\n",
       "      <td>-0.053402</td>\n",
       "      <td>-0.154092</td>\n",
       "      <td>-0.204786</td>\n",
       "      <td>-0.199802</td>\n",
       "      <td>-0.129586</td>\n",
       "      <td>-0.059541</td>\n",
       "      <td>0.028923</td>\n",
       "      <td>0.085059</td>\n",
       "      <td>0.002888</td>\n",
       "      <td>-0.185771</td>\n",
       "      <td>-0.261570</td>\n",
       "      <td>-0.347210</td>\n",
       "      <td>1.000000</td>\n",
       "      <td>0.266742</td>\n",
       "      <td>-0.564259</td>\n",
       "      <td>-0.279299</td>\n",
       "      <td>-0.147294</td>\n",
       "      <td>0.062378</td>\n",
       "    </tr>\n",
       "    <tr>\n",
       "      <td>lat</td>\n",
       "      <td>-0.001798</td>\n",
       "      <td>0.306692</td>\n",
       "      <td>-0.009951</td>\n",
       "      <td>0.024280</td>\n",
       "      <td>0.052155</td>\n",
       "      <td>-0.085514</td>\n",
       "      <td>0.049239</td>\n",
       "      <td>-0.012157</td>\n",
       "      <td>0.006321</td>\n",
       "      <td>-0.015102</td>\n",
       "      <td>0.113575</td>\n",
       "      <td>-0.001199</td>\n",
       "      <td>-0.148370</td>\n",
       "      <td>0.266742</td>\n",
       "      <td>1.000000</td>\n",
       "      <td>-0.135371</td>\n",
       "      <td>0.048679</td>\n",
       "      <td>-0.086139</td>\n",
       "      <td>0.027908</td>\n",
       "    </tr>\n",
       "    <tr>\n",
       "      <td>long</td>\n",
       "      <td>0.020672</td>\n",
       "      <td>0.022036</td>\n",
       "      <td>0.132054</td>\n",
       "      <td>0.224903</td>\n",
       "      <td>0.241214</td>\n",
       "      <td>0.230227</td>\n",
       "      <td>0.125943</td>\n",
       "      <td>-0.037628</td>\n",
       "      <td>-0.077702</td>\n",
       "      <td>-0.105877</td>\n",
       "      <td>0.200341</td>\n",
       "      <td>0.344842</td>\n",
       "      <td>0.409993</td>\n",
       "      <td>-0.564259</td>\n",
       "      <td>-0.135371</td>\n",
       "      <td>1.000000</td>\n",
       "      <td>0.335626</td>\n",
       "      <td>0.255586</td>\n",
       "      <td>-0.064511</td>\n",
       "    </tr>\n",
       "    <tr>\n",
       "      <td>sqft_living15</td>\n",
       "      <td>-0.002701</td>\n",
       "      <td>0.585241</td>\n",
       "      <td>0.393406</td>\n",
       "      <td>0.569884</td>\n",
       "      <td>0.756402</td>\n",
       "      <td>0.144763</td>\n",
       "      <td>0.280102</td>\n",
       "      <td>0.083823</td>\n",
       "      <td>0.278928</td>\n",
       "      <td>-0.093072</td>\n",
       "      <td>0.713867</td>\n",
       "      <td>0.731767</td>\n",
       "      <td>0.326377</td>\n",
       "      <td>-0.279299</td>\n",
       "      <td>0.048679</td>\n",
       "      <td>0.335626</td>\n",
       "      <td>1.000000</td>\n",
       "      <td>0.183515</td>\n",
       "      <td>0.000622</td>\n",
       "    </tr>\n",
       "    <tr>\n",
       "      <td>sqft_lot15</td>\n",
       "      <td>-0.138557</td>\n",
       "      <td>0.082845</td>\n",
       "      <td>0.030690</td>\n",
       "      <td>0.088303</td>\n",
       "      <td>0.184342</td>\n",
       "      <td>0.718204</td>\n",
       "      <td>-0.010722</td>\n",
       "      <td>0.030658</td>\n",
       "      <td>0.073083</td>\n",
       "      <td>-0.003126</td>\n",
       "      <td>0.120981</td>\n",
       "      <td>0.195077</td>\n",
       "      <td>0.070777</td>\n",
       "      <td>-0.147294</td>\n",
       "      <td>-0.086139</td>\n",
       "      <td>0.255586</td>\n",
       "      <td>0.183515</td>\n",
       "      <td>1.000000</td>\n",
       "      <td>0.004380</td>\n",
       "    </tr>\n",
       "    <tr>\n",
       "      <td>Renovated</td>\n",
       "      <td>-0.010621</td>\n",
       "      <td>0.117543</td>\n",
       "      <td>0.017635</td>\n",
       "      <td>0.046742</td>\n",
       "      <td>0.050829</td>\n",
       "      <td>0.005091</td>\n",
       "      <td>0.003713</td>\n",
       "      <td>0.074267</td>\n",
       "      <td>0.090480</td>\n",
       "      <td>-0.055383</td>\n",
       "      <td>0.015259</td>\n",
       "      <td>0.020566</td>\n",
       "      <td>-0.202837</td>\n",
       "      <td>0.062378</td>\n",
       "      <td>0.027908</td>\n",
       "      <td>-0.064511</td>\n",
       "      <td>0.000622</td>\n",
       "      <td>0.004380</td>\n",
       "      <td>1.000000</td>\n",
       "    </tr>\n",
       "  </tbody>\n",
       "</table>\n",
       "</div>"
      ],
      "text/plain": [
       "                     id     price  bedrooms  bathrooms  sqft_living  sqft_lot  \\\n",
       "id             1.000000 -0.016772  0.001150   0.005162    -0.012241 -0.131911   \n",
       "price         -0.016772  1.000000  0.308787   0.525906     0.701917  0.089876   \n",
       "bedrooms       0.001150  0.308787  1.000000   0.514508     0.578212  0.032471   \n",
       "bathrooms      0.005162  0.525906  0.514508   1.000000     0.755758  0.088373   \n",
       "sqft_living   -0.012241  0.701917  0.578212   0.755758     1.000000  0.173453   \n",
       "sqft_lot      -0.131911  0.089876  0.032471   0.088373     0.173453  1.000000   \n",
       "floors         0.018608  0.256804  0.177944   0.502582     0.353953 -0.004814   \n",
       "waterfront    -0.003599  0.264306 -0.002127   0.063629     0.104637  0.021459   \n",
       "view           0.011772  0.393497  0.078354   0.186016     0.281715  0.075054   \n",
       "condition     -0.023803  0.036056  0.026496  -0.126479    -0.059445 -0.008830   \n",
       "grade          0.008188  0.667951  0.356563   0.665838     0.762779  0.114731   \n",
       "sqft_above    -0.010799  0.605368  0.479386   0.686668     0.876448  0.184139   \n",
       "yr_built       0.021617  0.053953  0.155670   0.507173     0.318152  0.052946   \n",
       "zipcode       -0.008211 -0.053402 -0.154092  -0.204786    -0.199802 -0.129586   \n",
       "lat           -0.001798  0.306692 -0.009951   0.024280     0.052155 -0.085514   \n",
       "long           0.020672  0.022036  0.132054   0.224903     0.241214  0.230227   \n",
       "sqft_living15 -0.002701  0.585241  0.393406   0.569884     0.756402  0.144763   \n",
       "sqft_lot15    -0.138557  0.082845  0.030690   0.088303     0.184342  0.718204   \n",
       "Renovated     -0.010621  0.117543  0.017635   0.046742     0.050829  0.005091   \n",
       "\n",
       "                 floors  waterfront      view  condition     grade  \\\n",
       "id             0.018608   -0.003599  0.011772  -0.023803  0.008188   \n",
       "price          0.256804    0.264306  0.393497   0.036056  0.667951   \n",
       "bedrooms       0.177944   -0.002127  0.078354   0.026496  0.356563   \n",
       "bathrooms      0.502582    0.063629  0.186016  -0.126479  0.665838   \n",
       "sqft_living    0.353953    0.104637  0.281715  -0.059445  0.762779   \n",
       "sqft_lot      -0.004814    0.021459  0.075054  -0.008830  0.114731   \n",
       "floors         1.000000    0.020797  0.028414  -0.264075  0.458794   \n",
       "waterfront     0.020797    1.000000  0.380543   0.016648  0.082818   \n",
       "view           0.028414    0.380543  1.000000   0.045622  0.249082   \n",
       "condition     -0.264075    0.016648  0.045622   1.000000 -0.146896   \n",
       "grade          0.458794    0.082818  0.249082  -0.146896  1.000000   \n",
       "sqft_above     0.523989    0.071778  0.166017  -0.158904  0.756073   \n",
       "yr_built       0.489193   -0.024487 -0.054452  -0.361592  0.447865   \n",
       "zipcode       -0.059541    0.028923  0.085059   0.002888 -0.185771   \n",
       "lat            0.049239   -0.012157  0.006321  -0.015102  0.113575   \n",
       "long           0.125943   -0.037628 -0.077702  -0.105877  0.200341   \n",
       "sqft_living15  0.280102    0.083823  0.278928  -0.093072  0.713867   \n",
       "sqft_lot15    -0.010722    0.030658  0.073083  -0.003126  0.120981   \n",
       "Renovated      0.003713    0.074267  0.090480  -0.055383  0.015259   \n",
       "\n",
       "               sqft_above  yr_built   zipcode       lat      long  \\\n",
       "id              -0.010799  0.021617 -0.008211 -0.001798  0.020672   \n",
       "price            0.605368  0.053953 -0.053402  0.306692  0.022036   \n",
       "bedrooms         0.479386  0.155670 -0.154092 -0.009951  0.132054   \n",
       "bathrooms        0.686668  0.507173 -0.204786  0.024280  0.224903   \n",
       "sqft_living      0.876448  0.318152 -0.199802  0.052155  0.241214   \n",
       "sqft_lot         0.184139  0.052946 -0.129586 -0.085514  0.230227   \n",
       "floors           0.523989  0.489193 -0.059541  0.049239  0.125943   \n",
       "waterfront       0.071778 -0.024487  0.028923 -0.012157 -0.037628   \n",
       "view             0.166017 -0.054452  0.085059  0.006321 -0.077702   \n",
       "condition       -0.158904 -0.361592  0.002888 -0.015102 -0.105877   \n",
       "grade            0.756073  0.447865 -0.185771  0.113575  0.200341   \n",
       "sqft_above       1.000000  0.424037 -0.261570 -0.001199  0.344842   \n",
       "yr_built         0.424037  1.000000 -0.347210 -0.148370  0.409993   \n",
       "zipcode         -0.261570 -0.347210  1.000000  0.266742 -0.564259   \n",
       "lat             -0.001199 -0.148370  0.266742  1.000000 -0.135371   \n",
       "long             0.344842  0.409993 -0.564259 -0.135371  1.000000   \n",
       "sqft_living15    0.731767  0.326377 -0.279299  0.048679  0.335626   \n",
       "sqft_lot15       0.195077  0.070777 -0.147294 -0.086139  0.255586   \n",
       "Renovated        0.020566 -0.202837  0.062378  0.027908 -0.064511   \n",
       "\n",
       "               sqft_living15  sqft_lot15  Renovated  \n",
       "id                 -0.002701   -0.138557  -0.010621  \n",
       "price               0.585241    0.082845   0.117543  \n",
       "bedrooms            0.393406    0.030690   0.017635  \n",
       "bathrooms           0.569884    0.088303   0.046742  \n",
       "sqft_living         0.756402    0.184342   0.050829  \n",
       "sqft_lot            0.144763    0.718204   0.005091  \n",
       "floors              0.280102   -0.010722   0.003713  \n",
       "waterfront          0.083823    0.030658   0.074267  \n",
       "view                0.278928    0.073083   0.090480  \n",
       "condition          -0.093072   -0.003126  -0.055383  \n",
       "grade               0.713867    0.120981   0.015259  \n",
       "sqft_above          0.731767    0.195077   0.020566  \n",
       "yr_built            0.326377    0.070777  -0.202837  \n",
       "zipcode            -0.279299   -0.147294   0.062378  \n",
       "lat                 0.048679   -0.086139   0.027908  \n",
       "long                0.335626    0.255586  -0.064511  \n",
       "sqft_living15       1.000000    0.183515   0.000622  \n",
       "sqft_lot15          0.183515    1.000000   0.004380  \n",
       "Renovated           0.000622    0.004380   1.000000  "
      ]
     },
     "execution_count": 3,
     "metadata": {},
     "output_type": "execute_result"
    }
   ],
   "source": [
    "# first a kitchen sink of correlations\n",
    "df_corr = data_f.corr()\n",
    "df_corr"
   ]
  },
  {
   "cell_type": "markdown",
   "metadata": {},
   "source": [
    "Okay, so I am not sure what I thought I might see, there. ...Not a sight for sore eyes.\n",
    "\n",
    "### Viewing correlation data in plots\n",
    "\n",
    "This should be easier to look at:"
   ]
  },
  {
   "cell_type": "code",
   "execution_count": 4,
   "metadata": {
    "scrolled": false
   },
   "outputs": [
    {
     "data": {
