{
 "cells": [
  {
   "cell_type": "markdown",
   "metadata": {},
   "source": [
    "##### modeling and interpretation notebook--train, test, and conclude\n",
    "***"
   ]
  },
  {
   "cell_type": "markdown",
   "metadata": {},
   "source": [
    "# Importing Libraries and Data"
   ]
  },
  {
   "cell_type": "code",
   "execution_count": 1,
   "metadata": {},
   "outputs": [],
   "source": [
    "import pandas as pd\n",
    "import numpy as np\n",
    "import pickle\n",
    "import matplotlib.pyplot as plt\n",
    "import seaborn as sns\n",
    "%matplotlib inline"
   ]
  },
  {
   "cell_type": "markdown",
   "metadata": {},
   "source": [
    "## Import Model Specific Libraries"
   ]
  },
  {
   "cell_type": "code",
   "execution_count": 2,
   "metadata": {},
   "outputs": [],
   "source": [
    "import scipy.stats as stats\n",
    "import statsmodels.api as sm\n",
    "import statsmodels.formula.api as smf\n",
    "from statsmodels.formula.api import ols\n",
    "import statsmodels.stats.api as sms\n",
    "from sklearn.feature_selection import RFE\n",
    "from sklearn.linear_model import LinearRegression\n",
    "from sklearn.metrics import mean_squared_error\n",
    "from sklearn.model_selection import cross_val_score\n",
    "\n",
    "import math"
   ]
  },
  {
   "cell_type": "markdown",
   "metadata": {},
   "source": [
    "### Reopening our cleaned dataframe"
   ]
  },
  {
   "cell_type": "code",
   "execution_count": 3,
   "metadata": {},
   "outputs": [
    {
     "data": {
      "text/plain": [
       "(20533, 18)"
      ]
     },
     "metadata": {},
     "output_type": "display_data"
    },
    {
     "name": "stdout",
     "output_type": "stream",
     "text": [
      "\n",
      "Dataframe successfully imported from pickle.\n",
      "\n",
      "            id  date     price  bedrooms  bathrooms  sqft_living  sqft_lot  \\\n",
      "0  7129300520  2014  221900.0         3       1.00         1180      5650   \n",
      "1  6414100192  2014  538000.0         3       2.25         2570      7242   \n",
      "2  5631500400  2015  180000.0         2       1.00          770     10000   \n",
      "3  2487200875  2014  604000.0         4       3.00         1960      5000   \n",
      "4  1954400510  2015  510000.0         3       2.00         1680      8080   \n",
      "\n",
      "   floors  view  grade  sqft_above  sqft_basement zipcode      lat     long  \\\n",
      "0     1.0     0      7        1180            0.0   98178  47.5112 -122.257   \n",
      "1     2.0     0      7        2170          400.0   98125  47.7210 -122.319   \n",
      "2     1.0     0      6         770            0.0   98028  47.7379 -122.233   \n",
      "3     1.0     0      7        1050          910.0   98136  47.5208 -122.393   \n",
      "4     1.0     0      8        1680            0.0   98074  47.6168 -122.045   \n",
      "\n",
      "   sqft_living15  sqft_lot15  Renovated  \n",
      "0           1340        5650          0  \n",
      "1           1690        7639          1  \n",
      "2           2720        8062          0  \n",
      "3           1360        5000          0  \n",
      "4           1800        7503          0  \n"
     ]
    }
   ],
   "source": [
    "pd.set_option('display.max_columns', 999)  # setting to view all columns\n",
    "\n",
    "with open('data/no_hot_drops.pickle', 'rb') as f:\n",
    "    # The protocol version used is detected automatically, so we do not\n",
    "    # have to specify it.\n",
    "    no_hot_drops_df = pickle.load(f)\n",
    "display(no_hot_drops_df.shape)\n",
    "print(\"\\nDataframe successfully imported from pickle.\\n\\n\", no_hot_drops_df.head())"
   ]
  },
  {
   "cell_type": "markdown",
   "metadata": {},
   "source": [
    "# Questions\n",
    "\n",
    "We can begin investigating our remaining questions by building and testing a model, selecting and eliminating features, and adjusting variable coefficients along the way. Remember, we started by looking for strong correlations between our target (price) and independent variables in the King County housing data set. We found that some predictors could be eliminated, due to their lack of correlation or linearity with the response variable. We also found that some variables shoulds be eliminated from our study, due to their outsized effect on others. We will see more of this, as we look at collinearity, p-values, et al., in this notebook.\n",
    "\n",
    "As a reminder of our remaining basic questions:\n",
    "\n",
    "2. Which variables (whether redundant or un - influential) can or should be eliminated toward building a predictive model for home price?\n",
    "3. Can we make a reasonably compelling model without categorical data?\n",
    "4. Does model effectiveness vary across zip codes?"
   ]
  },
  {
   "cell_type": "markdown",
   "metadata": {},
   "source": [
    "## Correlations\n",
    "\n",
    "### Seeing where we stand"
   ]
  },
  {
   "cell_type": "code",
   "execution_count": 4,
   "metadata": {},
   "outputs": [
    {
     "data": {
      "text/html": [
       "<div>\n",
       "<style scoped>\n",
       "    .dataframe tbody tr th:only-of-type {\n",
       "        vertical-align: middle;\n",
       "    }\n",
       "\n",
       "    .dataframe tbody tr th {\n",
       "        vertical-align: top;\n",
       "    }\n",
       "\n",
       "    .dataframe thead th {\n",
       "        text-align: right;\n",
       "    }\n",
       "</style>\n",
       "<table border=\"1\" class=\"dataframe\">\n",
       "  <thead>\n",
       "    <tr style=\"text-align: right;\">\n",
       "      <th></th>\n",
       "      <th>id</th>\n",
       "      <th>date</th>\n",
       "      <th>price</th>\n",
       "      <th>bedrooms</th>\n",
       "      <th>bathrooms</th>\n",
       "      <th>sqft_living</th>\n",
       "      <th>sqft_lot</th>\n",
       "      <th>floors</th>\n",
       "      <th>view</th>\n",
       "      <th>grade</th>\n",
       "      <th>sqft_above</th>\n",
       "      <th>sqft_basement</th>\n",
       "      <th>lat</th>\n",
       "      <th>long</th>\n",
       "      <th>sqft_living15</th>\n",
       "      <th>sqft_lot15</th>\n",
       "      <th>Renovated</th>\n",
       "    </tr>\n",
       "  </thead>\n",
       "  <tbody>\n",
       "    <tr>\n",
       "      <td>id</td>\n",
       "      <td>1.000000</td>\n",
       "      <td>0.010051</td>\n",
       "      <td>0.008117</td>\n",
       "      <td>0.010506</td>\n",
       "      <td>0.025506</td>\n",
       "      <td>0.001689</td>\n",
       "      <td>0.130250</td>\n",
       "      <td>0.027060</td>\n",
       "      <td>0.016306</td>\n",
       "      <td>0.022300</td>\n",
       "      <td>0.006637</td>\n",
       "      <td>0.007424</td>\n",
       "      <td>0.000799</td>\n",
       "      <td>0.025777</td>\n",
       "      <td>0.007257</td>\n",
       "      <td>0.143096</td>\n",
       "      <td>0.009978</td>\n",
       "    </tr>\n",
       "    <tr>\n",
       "      <td>date</td>\n",
       "      <td>0.010051</td>\n",
       "      <td>1.000000</td>\n",
       "      <td>0.005013</td>\n",
       "      <td>0.010222</td>\n",
       "      <td>0.028198</td>\n",
       "      <td>0.032341</td>\n",
       "      <td>0.003108</td>\n",
       "      <td>0.023734</td>\n",
       "      <td>0.000009</td>\n",
       "      <td>0.034535</td>\n",
       "      <td>0.027574</td>\n",
       "      <td>0.011527</td>\n",
       "      <td>0.030099</td>\n",
       "      <td>0.000087</td>\n",
       "      <td>0.022972</td>\n",
       "      <td>0.002050</td>\n",
       "      <td>0.020872</td>\n",
       "    </tr>\n",
       "    <tr>\n",
       "      <td>price</td>\n",
       "      <td>0.008117</td>\n",
       "      <td>0.005013</td>\n",
       "      <td>1.000000</td>\n",
       "      <td>0.277597</td>\n",
       "      <td>0.440857</td>\n",
       "      <td>0.639054</td>\n",
       "      <td>0.075040</td>\n",
       "      <td>0.239718</td>\n",
       "      <td>0.369763</td>\n",
       "      <td>0.646090</td>\n",
       "      <td>0.531310</td>\n",
       "      <td>0.263419</td>\n",
       "      <td>0.357851</td>\n",
       "      <td>0.014904</td>\n",
       "      <td>0.575582</td>\n",
       "      <td>0.066471</td>\n",
       "      <td>0.121323</td>\n",
       "    </tr>\n",
       "    <tr>\n",
       "      <td>bedrooms</td>\n",
       "      <td>0.010506</td>\n",
       "      <td>0.010222</td>\n",
       "      <td>0.277597</td>\n",
       "      <td>1.000000</td>\n",
       "      <td>0.480560</td>\n",
       "      <td>0.582757</td>\n",
       "      <td>0.024973</td>\n",
       "      <td>0.159189</td>\n",
       "      <td>0.051023</td>\n",
       "      <td>0.337962</td>\n",
       "      <td>0.472042</td>\n",
       "      <td>0.259799</td>\n",
       "      <td>0.032828</td>\n",
       "      <td>0.156122</td>\n",
       "      <td>0.404916</td>\n",
       "      <td>0.024987</td>\n",
       "      <td>0.003735</td>\n",
       "    </tr>\n",
       "    <tr>\n",
       "      <td>bathrooms</td>\n",
       "      <td>0.025506</td>\n",
       "      <td>0.028198</td>\n",
       "      <td>0.440857</td>\n",
       "      <td>0.480560</td>\n",
       "      <td>1.000000</td>\n",
       "      <td>0.707837</td>\n",
       "      <td>0.058401</td>\n",
       "      <td>0.508427</td>\n",
       "      <td>0.132606</td>\n",
       "      <td>0.628571</td>\n",
       "      <td>0.630299</td>\n",
       "      <td>0.216807</td>\n",
       "      <td>0.004162</td>\n",
       "      <td>0.240263</td>\n",
       "      <td>0.539457</td>\n",
       "      <td>0.059269</td>\n",
       "      <td>0.029649</td>\n",
       "    </tr>\n",
       "    <tr>\n",
       "      <td>sqft_living</td>\n",
       "      <td>0.001689</td>\n",
       "      <td>0.032341</td>\n",
       "      <td>0.639054</td>\n",
       "      <td>0.582757</td>\n",
       "      <td>0.707837</td>\n",
       "      <td>1.000000</td>\n",
       "      <td>0.147089</td>\n",
       "      <td>0.338085</td>\n",
       "      <td>0.232098</td>\n",
       "      <td>0.733436</td>\n",
       "      <td>0.852384</td>\n",
       "      <td>0.374269</td>\n",
       "      <td>0.038599</td>\n",
       "      <td>0.256960</td>\n",
       "      <td>0.756984</td>\n",
       "      <td>0.162351</td>\n",
       "      <td>0.043577</td>\n",
       "    </tr>\n",
       "    <tr>\n",
       "      <td>sqft_lot</td>\n",
       "      <td>0.130250</td>\n",
       "      <td>0.003108</td>\n",
       "      <td>0.075040</td>\n",
       "      <td>0.024973</td>\n",
       "      <td>0.058401</td>\n",
       "      <td>0.147089</td>\n",
       "      <td>1.000000</td>\n",
       "      <td>0.019890</td>\n",
       "      <td>0.070629</td>\n",
       "      <td>0.091734</td>\n",
       "      <td>0.157995</td>\n",
       "      <td>0.001938</td>\n",
       "      <td>0.093254</td>\n",
       "      <td>0.220081</td>\n",
       "      <td>0.135656</td>\n",
       "      <td>0.698301</td>\n",
       "      <td>0.005793</td>\n",
       "    </tr>\n",
       "    <tr>\n",
       "      <td>floors</td>\n",
       "      <td>0.027060</td>\n",
       "      <td>0.023734</td>\n",
       "      <td>0.239718</td>\n",
       "      <td>0.159189</td>\n",
       "      <td>0.508427</td>\n",
       "      <td>0.338085</td>\n",
       "      <td>0.019890</td>\n",
       "      <td>1.000000</td>\n",
       "      <td>0.000845</td>\n",
       "      <td>0.447654</td>\n",
       "      <td>0.526310</td>\n",
       "      <td>0.289531</td>\n",
       "      <td>0.043815</td>\n",
       "      <td>0.123647</td>\n",
       "      <td>0.260577</td>\n",
       "      <td>0.028895</td>\n",
       "      <td>0.002810</td>\n",
       "    </tr>\n",
       "    <tr>\n",
       "      <td>view</td>\n",
       "      <td>0.016306</td>\n",
       "      <td>0.000009</td>\n",
       "      <td>0.369763</td>\n",
       "      <td>0.051023</td>\n",
       "      <td>0.132606</td>\n",
       "      <td>0.232098</td>\n",
       "      <td>0.070629</td>\n",
       "      <td>0.000845</td>\n",
       "      <td>1.000000</td>\n",
       "      <td>0.209300</td>\n",
       "      <td>0.109146</td>\n",
       "      <td>0.240825</td>\n",
       "      <td>0.000683</td>\n",
       "      <td>0.087008</td>\n",
       "      <td>0.248507</td>\n",
       "      <td>0.069418</td>\n",
       "      <td>0.089739</td>\n",
       "    </tr>\n",
       "    <tr>\n",
       "      <td>grade</td>\n",
       "      <td>0.022300</td>\n",
       "      <td>0.034535</td>\n",
       "      <td>0.646090</td>\n",
       "      <td>0.337962</td>\n",
       "      <td>0.628571</td>\n",
       "      <td>0.733436</td>\n",
       "      <td>0.091734</td>\n",
       "      <td>0.447654</td>\n",
       "      <td>0.209300</td>\n",
       "      <td>1.000000</td>\n",
       "      <td>0.724873</td>\n",
       "      <td>0.100708</td>\n",
       "      <td>0.110384</td>\n",
       "      <td>0.196205</td>\n",
       "      <td>0.690127</td>\n",
       "      <td>0.099243</td>\n",
       "      <td>0.010519</td>\n",
       "    </tr>\n",
       "    <tr>\n",
       "      <td>sqft_above</td>\n",
       "      <td>0.006637</td>\n",
       "      <td>0.027574</td>\n",
       "      <td>0.531310</td>\n",
       "      <td>0.472042</td>\n",
       "      <td>0.630299</td>\n",
       "      <td>0.852384</td>\n",
       "      <td>0.157995</td>\n",
       "      <td>0.526310</td>\n",
       "      <td>0.109146</td>\n",
       "      <td>0.724873</td>\n",
       "      <td>1.000000</td>\n",
       "      <td>0.157598</td>\n",
       "      <td>0.021357</td>\n",
       "      <td>0.366948</td>\n",
       "      <td>0.722971</td>\n",
       "      <td>0.173110</td>\n",
       "      <td>0.012606</td>\n",
       "    </tr>\n",
       "    <tr>\n",
       "      <td>sqft_basement</td>\n",
       "      <td>0.007424</td>\n",
       "      <td>0.011527</td>\n",
       "      <td>0.263419</td>\n",
       "      <td>0.259799</td>\n",
       "      <td>0.216807</td>\n",
       "      <td>0.374269</td>\n",
       "      <td>0.001938</td>\n",
       "      <td>0.289531</td>\n",
       "      <td>0.240825</td>\n",
       "      <td>0.100708</td>\n",
       "      <td>0.157598</td>\n",
       "      <td>1.000000</td>\n",
       "      <td>0.109864</td>\n",
       "      <td>0.161391</td>\n",
       "      <td>0.149249</td>\n",
       "      <td>0.001234</td>\n",
       "      <td>0.058432</td>\n",
       "    </tr>\n",
       "    <tr>\n",
       "      <td>lat</td>\n",
       "      <td>0.000799</td>\n",
       "      <td>0.030099</td>\n",
       "      <td>0.357851</td>\n",
       "      <td>0.032828</td>\n",
       "      <td>0.004162</td>\n",
       "      <td>0.038599</td>\n",
       "      <td>0.093254</td>\n",
       "      <td>0.043815</td>\n",
       "      <td>0.000683</td>\n",
       "      <td>0.110384</td>\n",
       "      <td>0.021357</td>\n",
       "      <td>0.109864</td>\n",
       "      <td>1.000000</td>\n",
       "      <td>0.137848</td>\n",
       "      <td>0.041955</td>\n",
       "      <td>0.098811</td>\n",
       "      <td>0.028170</td>\n",
       "    </tr>\n",
       "    <tr>\n",
       "      <td>long</td>\n",
       "      <td>0.025777</td>\n",
       "      <td>0.000087</td>\n",
       "      <td>0.014904</td>\n",
       "      <td>0.156122</td>\n",
       "      <td>0.240263</td>\n",
       "      <td>0.256960</td>\n",
       "      <td>0.220081</td>\n",
       "      <td>0.123647</td>\n",
       "      <td>0.087008</td>\n",
       "      <td>0.196205</td>\n",
       "      <td>0.366948</td>\n",
       "      <td>0.161391</td>\n",
       "      <td>0.137848</td>\n",
       "      <td>1.000000</td>\n",
       "      <td>0.337272</td>\n",
       "      <td>0.251232</td>\n",
       "      <td>0.061167</td>\n",
       "    </tr>\n",
       "    <tr>\n",
       "      <td>sqft_living15</td>\n",
       "      <td>0.007257</td>\n",
       "      <td>0.022972</td>\n",
       "      <td>0.575582</td>\n",
       "      <td>0.404916</td>\n",
       "      <td>0.539457</td>\n",
       "      <td>0.756984</td>\n",
       "      <td>0.135656</td>\n",
       "      <td>0.260577</td>\n",
       "      <td>0.248507</td>\n",
       "      <td>0.690127</td>\n",
       "      <td>0.722971</td>\n",
       "      <td>0.149249</td>\n",
       "      <td>0.041955</td>\n",
       "      <td>0.337272</td>\n",
       "      <td>1.000000</td>\n",
       "      <td>0.175432</td>\n",
       "      <td>0.003066</td>\n",
       "    </tr>\n",
       "    <tr>\n",
       "      <td>sqft_lot15</td>\n",
       "      <td>0.143096</td>\n",
       "      <td>0.002050</td>\n",
       "      <td>0.066471</td>\n",
       "      <td>0.024987</td>\n",
       "      <td>0.059269</td>\n",
       "      <td>0.162351</td>\n",
       "      <td>0.698301</td>\n",
       "      <td>0.028895</td>\n",
       "      <td>0.069418</td>\n",
       "      <td>0.099243</td>\n",
       "      <td>0.173110</td>\n",
       "      <td>0.001234</td>\n",
       "      <td>0.098811</td>\n",
       "      <td>0.251232</td>\n",
       "      <td>0.175432</td>\n",
       "      <td>1.000000</td>\n",
       "      <td>0.007098</td>\n",
       "    </tr>\n",
       "    <tr>\n",
       "      <td>Renovated</td>\n",
       "      <td>0.009978</td>\n",
       "      <td>0.020872</td>\n",
       "      <td>0.121323</td>\n",
       "      <td>0.003735</td>\n",
       "      <td>0.029649</td>\n",
       "      <td>0.043577</td>\n",
       "      <td>0.005793</td>\n",
       "      <td>0.002810</td>\n",
       "      <td>0.089739</td>\n",
       "      <td>0.010519</td>\n",
       "      <td>0.012606</td>\n",
       "      <td>0.058432</td>\n",
       "      <td>0.028170</td>\n",
       "      <td>0.061167</td>\n",
       "      <td>0.003066</td>\n",
       "      <td>0.007098</td>\n",
       "      <td>1.000000</td>\n",
       "    </tr>\n",
       "  </tbody>\n",
       "</table>\n",
       "</div>"
      ],
      "text/plain": [
       "                     id      date     price  bedrooms  bathrooms  sqft_living  \\\n",
       "id             1.000000  0.010051  0.008117  0.010506   0.025506     0.001689   \n",
       "date           0.010051  1.000000  0.005013  0.010222   0.028198     0.032341   \n",
       "price          0.008117  0.005013  1.000000  0.277597   0.440857     0.639054   \n",
       "bedrooms       0.010506  0.010222  0.277597  1.000000   0.480560     0.582757   \n",
       "bathrooms      0.025506  0.028198  0.440857  0.480560   1.000000     0.707837   \n",
       "sqft_living    0.001689  0.032341  0.639054  0.582757   0.707837     1.000000   \n",
       "sqft_lot       0.130250  0.003108  0.075040  0.024973   0.058401     0.147089   \n",
       "floors         0.027060  0.023734  0.239718  0.159189   0.508427     0.338085   \n",
       "view           0.016306  0.000009  0.369763  0.051023   0.132606     0.232098   \n",
       "grade          0.022300  0.034535  0.646090  0.337962   0.628571     0.733436   \n",
       "sqft_above     0.006637  0.027574  0.531310  0.472042   0.630299     0.852384   \n",
       "sqft_basement  0.007424  0.011527  0.263419  0.259799   0.216807     0.374269   \n",
       "lat            0.000799  0.030099  0.357851  0.032828   0.004162     0.038599   \n",
       "long           0.025777  0.000087  0.014904  0.156122   0.240263     0.256960   \n",
       "sqft_living15  0.007257  0.022972  0.575582  0.404916   0.539457     0.756984   \n",
       "sqft_lot15     0.143096  0.002050  0.066471  0.024987   0.059269     0.162351   \n",
       "Renovated      0.009978  0.020872  0.121323  0.003735   0.029649     0.043577   \n",
       "\n",
       "               sqft_lot    floors      view     grade  sqft_above  \\\n",
       "id             0.130250  0.027060  0.016306  0.022300    0.006637   \n",
       "date           0.003108  0.023734  0.000009  0.034535    0.027574   \n",
       "price          0.075040  0.239718  0.369763  0.646090    0.531310   \n",
       "bedrooms       0.024973  0.159189  0.051023  0.337962    0.472042   \n",
       "bathrooms      0.058401  0.508427  0.132606  0.628571    0.630299   \n",
       "sqft_living    0.147089  0.338085  0.232098  0.733436    0.852384   \n",
       "sqft_lot       1.000000  0.019890  0.070629  0.091734    0.157995   \n",
       "floors         0.019890  1.000000  0.000845  0.447654    0.526310   \n",
       "view           0.070629  0.000845  1.000000  0.209300    0.109146   \n",
       "grade          0.091734  0.447654  0.209300  1.000000    0.724873   \n",
       "sqft_above     0.157995  0.526310  0.109146  0.724873    1.000000   \n",
       "sqft_basement  0.001938  0.289531  0.240825  0.100708    0.157598   \n",
       "lat            0.093254  0.043815  0.000683  0.110384    0.021357   \n",
       "long           0.220081  0.123647  0.087008  0.196205    0.366948   \n",
       "sqft_living15  0.135656  0.260577  0.248507  0.690127    0.722971   \n",
       "sqft_lot15     0.698301  0.028895  0.069418  0.099243    0.173110   \n",
       "Renovated      0.005793  0.002810  0.089739  0.010519    0.012606   \n",
       "\n",
       "               sqft_basement       lat      long  sqft_living15  sqft_lot15  \\\n",
       "id                  0.007424  0.000799  0.025777       0.007257    0.143096   \n",
       "date                0.011527  0.030099  0.000087       0.022972    0.002050   \n",
       "price               0.263419  0.357851  0.014904       0.575582    0.066471   \n",
       "bedrooms            0.259799  0.032828  0.156122       0.404916    0.024987   \n",
       "bathrooms           0.216807  0.004162  0.240263       0.539457    0.059269   \n",
       "sqft_living         0.374269  0.038599  0.256960       0.756984    0.162351   \n",
       "sqft_lot            0.001938  0.093254  0.220081       0.135656    0.698301   \n",
       "floors              0.289531  0.043815  0.123647       0.260577    0.028895   \n",
       "view                0.240825  0.000683  0.087008       0.248507    0.069418   \n",
       "grade               0.100708  0.110384  0.196205       0.690127    0.099243   \n",
       "sqft_above          0.157598  0.021357  0.366948       0.722971    0.173110   \n",
       "sqft_basement       1.000000  0.109864  0.161391       0.149249    0.001234   \n",
       "lat                 0.109864  1.000000  0.137848       0.041955    0.098811   \n",
       "long                0.161391  0.137848  1.000000       0.337272    0.251232   \n",
       "sqft_living15       0.149249  0.041955  0.337272       1.000000    0.175432   \n",
       "sqft_lot15          0.001234  0.098811  0.251232       0.175432    1.000000   \n",
       "Renovated           0.058432  0.028170  0.061167       0.003066    0.007098   \n",
       "\n",
       "               Renovated  \n",
       "id              0.009978  \n",
       "date            0.020872  \n",
       "price           0.121323  \n",
       "bedrooms        0.003735  \n",
       "bathrooms       0.029649  \n",
       "sqft_living     0.043577  \n",
       "sqft_lot        0.005793  \n",
       "floors          0.002810  \n",
       "view            0.089739  \n",
       "grade           0.010519  \n",
       "sqft_above      0.012606  \n",
       "sqft_basement   0.058432  \n",
       "lat             0.028170  \n",
       "long            0.061167  \n",
       "sqft_living15   0.003066  \n",
       "sqft_lot15      0.007098  \n",
       "Renovated       1.000000  "
      ]
     },
     "execution_count": 4,
     "metadata": {},
     "output_type": "execute_result"
    }
   ],
   "source": [
    "# create the correlations table\n",
    "nh_corr = abs(no_hot_drops_df.corr())\n",
    "\n",
    "# view the table--though we will not study it too closely\n",
    "nh_corr"
   ]
  },
  {
   "cell_type": "markdown",
   "metadata": {},
   "source": [
    "I printed the correlations table for a couple of reasons:\n",
    "* First, I want to confess that I have been hanging onto that `date` field, but I have yet to find a good use for it. We'll drop it, following the next visualization.\n",
    "* Secondly, I want to point out how the dataframe can be re-ordered to be more useful, visually. We can order the columns by the strength of their correlation with price, so that is what we will do."
   ]
  },
  {
   "cell_type": "markdown",
   "metadata": {},
   "source": [
    "### Viewing columns sorted in order of correlation with price"
   ]
  },
  {
   "cell_type": "code",
   "execution_count": 9,
   "metadata": {},
   "outputs": [
    {
     "data": {
      "text/html": [
       "<div>\n",
       "<style scoped>\n",
       "    .dataframe tbody tr th:only-of-type {\n",
       "        vertical-align: middle;\n",
       "    }\n",
       "\n",
       "    .dataframe tbody tr th {\n",
       "        vertical-align: top;\n",
       "    }\n",
       "\n",
       "    .dataframe thead th {\n",
       "        text-align: right;\n",
       "    }\n",
       "</style>\n",
       "<table border=\"1\" class=\"dataframe\">\n",
       "  <thead>\n",
       "    <tr style=\"text-align: right;\">\n",
       "      <th></th>\n",
       "      <th>price</th>\n",
       "      <th>grade</th>\n",
       "      <th>sqft_living</th>\n",
       "      <th>sqft_living15</th>\n",
       "      <th>sqft_above</th>\n",
       "      <th>bathrooms</th>\n",
       "      <th>view</th>\n",
       "      <th>lat</th>\n",
       "      <th>bedrooms</th>\n",
       "      <th>sqft_basement</th>\n",
       "      <th>floors</th>\n",
       "      <th>Renovated</th>\n",
       "      <th>sqft_lot</th>\n",
       "      <th>sqft_lot15</th>\n",
       "      <th>long</th>\n",
       "      <th>id</th>\n",
       "      <th>date</th>\n",
       "    </tr>\n",
       "  </thead>\n",
       "  <tbody>\n",
       "    <tr>\n",
       "      <td>0</td>\n",
       "      <td>221900.0</td>\n",
       "      <td>7</td>\n",
       "      <td>1180</td>\n",
       "      <td>1340</td>\n",
       "      <td>1180</td>\n",
       "      <td>1.00</td>\n",
       "      <td>0</td>\n",
       "      <td>47.5112</td>\n",
       "      <td>3</td>\n",
       "      <td>0.0</td>\n",
       "      <td>1.0</td>\n",
       "      <td>0</td>\n",
       "      <td>5650</td>\n",
       "      <td>5650</td>\n",
       "      <td>-122.257</td>\n",
       "      <td>7129300520</td>\n",
       "      <td>2014</td>\n",
       "    </tr>\n",
       "    <tr>\n",
       "      <td>1</td>\n",
       "      <td>538000.0</td>\n",
       "      <td>7</td>\n",
       "      <td>2570</td>\n",
       "      <td>1690</td>\n",
       "      <td>2170</td>\n",
       "      <td>2.25</td>\n",
       "      <td>0</td>\n",
       "      <td>47.7210</td>\n",
       "      <td>3</td>\n",
       "      <td>400.0</td>\n",
       "      <td>2.0</td>\n",
       "      <td>1</td>\n",
       "      <td>7242</td>\n",
       "      <td>7639</td>\n",
       "      <td>-122.319</td>\n",
       "      <td>6414100192</td>\n",
       "      <td>2014</td>\n",
       "    </tr>\n",
       "    <tr>\n",
       "      <td>2</td>\n",
       "      <td>180000.0</td>\n",
       "      <td>6</td>\n",
       "      <td>770</td>\n",
       "      <td>2720</td>\n",
       "      <td>770</td>\n",
       "      <td>1.00</td>\n",
       "      <td>0</td>\n",
       "      <td>47.7379</td>\n",
       "      <td>2</td>\n",
       "      <td>0.0</td>\n",
       "      <td>1.0</td>\n",
       "      <td>0</td>\n",
       "      <td>10000</td>\n",
       "      <td>8062</td>\n",
       "      <td>-122.233</td>\n",
       "      <td>5631500400</td>\n",
       "      <td>2015</td>\n",
       "    </tr>\n",
       "    <tr>\n",
       "      <td>3</td>\n",
       "      <td>604000.0</td>\n",
       "      <td>7</td>\n",
       "      <td>1960</td>\n",
       "      <td>1360</td>\n",
       "      <td>1050</td>\n",
       "      <td>3.00</td>\n",
       "      <td>0</td>\n",
       "      <td>47.5208</td>\n",
       "      <td>4</td>\n",
       "      <td>910.0</td>\n",
       "      <td>1.0</td>\n",
       "      <td>0</td>\n",
       "      <td>5000</td>\n",
       "      <td>5000</td>\n",
       "      <td>-122.393</td>\n",
       "      <td>2487200875</td>\n",
       "      <td>2014</td>\n",
       "    </tr>\n",
       "    <tr>\n",
       "      <td>4</td>\n",
       "      <td>510000.0</td>\n",
       "      <td>8</td>\n",
       "      <td>1680</td>\n",
       "      <td>1800</td>\n",
       "      <td>1680</td>\n",
       "      <td>2.00</td>\n",
       "      <td>0</td>\n",
       "      <td>47.6168</td>\n",
       "      <td>3</td>\n",
       "      <td>0.0</td>\n",
       "      <td>1.0</td>\n",
       "      <td>0</td>\n",
       "      <td>8080</td>\n",
       "      <td>7503</td>\n",
       "      <td>-122.045</td>\n",
       "      <td>1954400510</td>\n",
       "      <td>2015</td>\n",
       "    </tr>\n",
       "    <tr>\n",
       "      <td>...</td>\n",
       "      <td>...</td>\n",
       "      <td>...</td>\n",
       "      <td>...</td>\n",
       "      <td>...</td>\n",
       "      <td>...</td>\n",
       "      <td>...</td>\n",
       "      <td>...</td>\n",
       "      <td>...</td>\n",
       "      <td>...</td>\n",
       "      <td>...</td>\n",
       "      <td>...</td>\n",
       "      <td>...</td>\n",
       "      <td>...</td>\n",
       "      <td>...</td>\n",
       "      <td>...</td>\n",
       "      <td>...</td>\n",
       "      <td>...</td>\n",
       "    </tr>\n",
       "    <tr>\n",
       "      <td>21592</td>\n",
       "      <td>360000.0</td>\n",
       "      <td>8</td>\n",
       "      <td>1530</td>\n",
       "      <td>1530</td>\n",
       "      <td>1530</td>\n",
       "      <td>2.50</td>\n",
       "      <td>0</td>\n",
       "      <td>47.6993</td>\n",
       "      <td>3</td>\n",
       "      <td>0.0</td>\n",
       "      <td>3.0</td>\n",
       "      <td>0</td>\n",
       "      <td>1131</td>\n",
       "      <td>1509</td>\n",
       "      <td>-122.346</td>\n",
       "      <td>263000018</td>\n",
       "      <td>2014</td>\n",
       "    </tr>\n",
       "    <tr>\n",
       "      <td>21593</td>\n",
       "      <td>400000.0</td>\n",
       "      <td>8</td>\n",
       "      <td>2310</td>\n",
       "      <td>1830</td>\n",
       "      <td>2310</td>\n",
       "      <td>2.50</td>\n",
       "      <td>0</td>\n",
       "      <td>47.5107</td>\n",
       "      <td>4</td>\n",
       "      <td>0.0</td>\n",
       "      <td>2.0</td>\n",
       "      <td>0</td>\n",
       "      <td>5813</td>\n",
       "      <td>7200</td>\n",
       "      <td>-122.362</td>\n",
       "      <td>6600060120</td>\n",
       "      <td>2015</td>\n",
       "    </tr>\n",
       "    <tr>\n",
       "      <td>21594</td>\n",
       "      <td>402101.0</td>\n",
       "      <td>7</td>\n",
       "      <td>1020</td>\n",
       "      <td>1020</td>\n",
       "      <td>1020</td>\n",
       "      <td>0.75</td>\n",
       "      <td>0</td>\n",
       "      <td>47.5944</td>\n",
       "      <td>2</td>\n",
       "      <td>0.0</td>\n",
       "      <td>2.0</td>\n",
       "      <td>0</td>\n",
       "      <td>1350</td>\n",
       "      <td>2007</td>\n",
       "      <td>-122.299</td>\n",
       "      <td>1523300141</td>\n",
       "      <td>2014</td>\n",
       "    </tr>\n",
       "    <tr>\n",
       "      <td>21595</td>\n",
       "      <td>400000.0</td>\n",
       "      <td>8</td>\n",
       "      <td>1600</td>\n",
       "      <td>1410</td>\n",
       "      <td>1600</td>\n",
       "      <td>2.50</td>\n",
       "      <td>0</td>\n",
       "      <td>47.5345</td>\n",
       "      <td>3</td>\n",
       "      <td>0.0</td>\n",
       "      <td>2.0</td>\n",
       "      <td>0</td>\n",
       "      <td>2388</td>\n",
       "      <td>1287</td>\n",
       "      <td>-122.069</td>\n",
       "      <td>291310100</td>\n",
       "      <td>2015</td>\n",
       "    </tr>\n",
       "    <tr>\n",
       "      <td>21596</td>\n",
       "      <td>325000.0</td>\n",
       "      <td>7</td>\n",
       "      <td>1020</td>\n",
       "      <td>1020</td>\n",
       "      <td>1020</td>\n",
       "      <td>0.75</td>\n",
       "      <td>0</td>\n",
       "      <td>47.5941</td>\n",
       "      <td>2</td>\n",
       "      <td>0.0</td>\n",
       "      <td>2.0</td>\n",
       "      <td>0</td>\n",
       "      <td>1076</td>\n",
       "      <td>1357</td>\n",
       "      <td>-122.299</td>\n",
       "      <td>1523300157</td>\n",
       "      <td>2014</td>\n",
       "    </tr>\n",
       "  </tbody>\n",
       "</table>\n",
       "<p>20533 rows × 17 columns</p>\n",
       "</div>"
      ],
      "text/plain": [
       "          price  grade  sqft_living  sqft_living15  sqft_above  bathrooms  \\\n",
       "0      221900.0      7         1180           1340        1180       1.00   \n",
       "1      538000.0      7         2570           1690        2170       2.25   \n",
       "2      180000.0      6          770           2720         770       1.00   \n",
       "3      604000.0      7         1960           1360        1050       3.00   \n",
       "4      510000.0      8         1680           1800        1680       2.00   \n",
       "...         ...    ...          ...            ...         ...        ...   \n",
       "21592  360000.0      8         1530           1530        1530       2.50   \n",
       "21593  400000.0      8         2310           1830        2310       2.50   \n",
       "21594  402101.0      7         1020           1020        1020       0.75   \n",
       "21595  400000.0      8         1600           1410        1600       2.50   \n",
       "21596  325000.0      7         1020           1020        1020       0.75   \n",
       "\n",
       "       view      lat  bedrooms  sqft_basement  floors  Renovated  sqft_lot  \\\n",
       "0         0  47.5112         3            0.0     1.0          0      5650   \n",
       "1         0  47.7210         3          400.0     2.0          1      7242   \n",
       "2         0  47.7379         2            0.0     1.0          0     10000   \n",
       "3         0  47.5208         4          910.0     1.0          0      5000   \n",
       "4         0  47.6168         3            0.0     1.0          0      8080   \n",
       "...     ...      ...       ...            ...     ...        ...       ...   \n",
       "21592     0  47.6993         3            0.0     3.0          0      1131   \n",
       "21593     0  47.5107         4            0.0     2.0          0      5813   \n",
       "21594     0  47.5944         2            0.0     2.0          0      1350   \n",
       "21595     0  47.5345         3            0.0     2.0          0      2388   \n",
       "21596     0  47.5941         2            0.0     2.0          0      1076   \n",
       "\n",
       "       sqft_lot15     long          id  date  \n",
       "0            5650 -122.257  7129300520  2014  \n",
       "1            7639 -122.319  6414100192  2014  \n",
       "2            8062 -122.233  5631500400  2015  \n",
       "3            5000 -122.393  2487200875  2014  \n",
       "4            7503 -122.045  1954400510  2015  \n",
       "...           ...      ...         ...   ...  \n",
       "21592        1509 -122.346   263000018  2014  \n",
       "21593        7200 -122.362  6600060120  2015  \n",
       "21594        2007 -122.299  1523300141  2014  \n",
       "21595        1287 -122.069   291310100  2015  \n",
       "21596        1357 -122.299  1523300157  2014  \n",
       "\n",
       "[20533 rows x 17 columns]"
      ]
     },
     "execution_count": 9,
     "metadata": {},
     "output_type": "execute_result"
    }
   ],
   "source": [
    "# running a sorted correlation and grabbing indexes\n",
    "sort_ix = abs(\n",
    "    nh_corr).sort_values(\n",
    "    'price', ascending=False).index\n",
    "df_sortix = no_hot_drops_df.loc[:, sort_ix]\n",
    "\n",
    "\n",
    "df_sortix"
   ]
  },
  {
   "cell_type": "markdown",
   "metadata": {},
   "source": [
    "## Answer 2.4\n",
    "### Which variables can or should be eliminated\n",
    "We now see the date column, appropriately distanced from our target (and the correlation value that makes it so). Let's remove it and view the heatmap.\n",
    "\n",
    "### Drop `date`"
   ]
  },
  {
   "cell_type": "code",
   "execution_count": 16,
   "metadata": {
    "scrolled": true
   },
   "outputs": [],
   "source": [
    "# drop the `date` column\n",
    "df_sortix.drop(['date'], axis=1, inplace=True)"
   ]
  },
  {
   "cell_type": "markdown",
   "metadata": {},
   "source": [
    "### Viewing the sorted correlations table"
   ]
  },
  {
   "cell_type": "code",
   "execution_count": 17,
   "metadata": {},
   "outputs": [
    {
     "data": {
      "text/html": [
       "<div>\n",
       "<style scoped>\n",
       "    .dataframe tbody tr th:only-of-type {\n",
       "        vertical-align: middle;\n",
       "    }\n",
       "\n",
       "    .dataframe tbody tr th {\n",
       "        vertical-align: top;\n",
       "    }\n",
       "\n",
       "    .dataframe thead th {\n",
       "        text-align: right;\n",
       "    }\n",
       "</style>\n",
       "<table border=\"1\" class=\"dataframe\">\n",
       "  <thead>\n",
       "    <tr style=\"text-align: right;\">\n",
       "      <th></th>\n",
       "      <th>price</th>\n",
       "      <th>grade</th>\n",
       "      <th>sqft_living</th>\n",
       "      <th>sqft_living15</th>\n",
       "      <th>sqft_above</th>\n",
       "      <th>bathrooms</th>\n",
       "      <th>view</th>\n",
       "      <th>lat</th>\n",
       "      <th>bedrooms</th>\n",
       "      <th>sqft_basement</th>\n",
       "      <th>floors</th>\n",
       "      <th>Renovated</th>\n",
       "      <th>sqft_lot</th>\n",
       "      <th>sqft_lot15</th>\n",
       "      <th>long</th>\n",
       "    </tr>\n",
       "  </thead>\n",
       "  <tbody>\n",
       "    <tr>\n",
       "      <td>price</td>\n",
       "      <td>1.000000</td>\n",
       "      <td>0.646090</td>\n",
       "      <td>0.639054</td>\n",
       "      <td>0.575582</td>\n",
       "      <td>0.531310</td>\n",
       "      <td>0.440857</td>\n",
       "      <td>0.369763</td>\n",
       "      <td>0.357851</td>\n",
       "      <td>0.277597</td>\n",
       "      <td>0.263419</td>\n",
       "      <td>0.239718</td>\n",
       "      <td>0.121323</td>\n",
       "      <td>0.075040</td>\n",
       "      <td>0.066471</td>\n",
       "      <td>0.014904</td>\n",
       "    </tr>\n",
       "    <tr>\n",
       "      <td>grade</td>\n",
       "      <td>0.646090</td>\n",
       "      <td>1.000000</td>\n",
       "      <td>0.733436</td>\n",
       "      <td>0.690127</td>\n",
       "      <td>0.724873</td>\n",
       "      <td>0.628571</td>\n",
       "      <td>0.209300</td>\n",
       "      <td>0.110384</td>\n",
       "      <td>0.337962</td>\n",
       "      <td>0.100708</td>\n",
       "      <td>0.447654</td>\n",
       "      <td>0.010519</td>\n",
       "      <td>0.091734</td>\n",
       "      <td>0.099243</td>\n",
       "      <td>0.196205</td>\n",
       "    </tr>\n",
       "    <tr>\n",
       "      <td>sqft_living</td>\n",
       "      <td>0.639054</td>\n",
       "      <td>0.733436</td>\n",
       "      <td>1.000000</td>\n",
       "      <td>0.756984</td>\n",
       "      <td>0.852384</td>\n",
       "      <td>0.707837</td>\n",
       "      <td>0.232098</td>\n",
       "      <td>0.038599</td>\n",
       "      <td>0.582757</td>\n",
       "      <td>0.374269</td>\n",
       "      <td>0.338085</td>\n",
       "      <td>0.043577</td>\n",
